1    1  68 1.0 103       1
2    2  68 1.5 119       1
3    3  68 2.0  96       1
4    4  70 1.0 106       1
5    5  70 1.5 107       1
6    6  70 2.0  96       1
7    7  71 1.0 112       1
8    8  71 1.5  86       1
9    9  71 2.0  73       1
10  10  72 1.0 100       1
11  11  72 1.5  93       1
12  12  72 2.0  87       1
13 175 902 1.0 119       0
14 176 902 1.5  93       0
15 177 902 2.0  99       0
16 178 904 1.0 112       0
17 179 904 1.5  98       0
18 180 904 2.0  79       0
19 181 906 1.0  89       0
20 182 906 1.5  66       0
21 183 906 2.0  81       0
22 184 908 1.0 117       0
23 185 908 1.5  90       0
24 186 908 2.0  76       0